 0, 0.001, -0.0555342
 0, 0.101, -0.0582188
 0, 0.201, -0.0596058
 0, 0.301, -0.0632866
 0, 0.401, -0.0643307
 0, 0.501, -0.0601177
 0, 0.601, -0.0634548
 0, 0.701, -0.0632795
 0, 0.801, -0.0694604
 0, 0.901, -0.0725185
 0, 1.001, -0.1657364
 0, 1.101, -0.1335712
 0, 1.201, -0.1065618
 0, 1.301, -0.1065064
 0, 1.401, -0.1270893
 0, 1.501, -0.1345989
 0, 1.601, -0.1300594
 0, 1.701, -0.1265418
 0, 1.801, -0.1608331
 0, 1.901, -0.2336362
 0.1, 0.001, -0.0510887
 0.1, 0.101, -0.0607716
 0.1, 0.201, -0.0568236
 0.1, 0.301, -0.0796676
 0.1, 0.401, -0.0749532
 0.1, 0.501, -0.0605954
 0.1, 0.601, -0.081251
 0.1, 0.701, -0.0714392
 0.1, 0.801, -0.0865087
 0.1, 0.901, -0.0879783
 0.1, 1.001, -0.165249
 0.1, 1.101, -0.2257226
 0.1, 1.201, -0.1778401
 0.1, 1.301, -0.2202507
 0.1, 1.401, -0.2090058
 0.1, 1.501, -0.2329778
 0.1, 1.601, -0.2201611
 0.1, 1.701, -0.1593133
 0.1, 1.801, -0.2134492
 0.1, 1.901, -0.1879919
 0.2, 0.001, -0.0460661
 0.2, 0.101, -0.0523615
 0.2, 0.201, -0.0625424
 0.2, 0.301, -0.0934652
 0.2, 0.401, -0.0796343
 0.2, 0.501, -0.0820499
 0.2, 0.601, -0.0786566
 0.2, 0.701, -0.0709932
 0.2, 0.801, -0.0966959
 0.2, 0.901, -0.0753687
 0.2, 1.001, -0.1652634
 0.2, 1.101, -0.2085552
 0.2, 1.201, -0.1718386
 0.2, 1.301, -0.2171204
 0.2, 1.401, -0.247066
 0.2, 1.501, -0.1722463
 0.2, 1.601, -0.1963166
 0.2, 1.701, -0.2083902
 0.2, 1.801, -0.1744578
 0.2, 1.901, -0.1899954
 0.3, 0.001, -0.0441124
 0.3, 0.101, -0.0568857
 0.3, 0.201, -0.0674895
 0.3, 0.301, -0.0807854
 0.3, 0.401, -0.0974247
 0.3, 0.501, -0.0899543
 0.3, 0.601, -0.0745362
 0.3, 0.701, -0.0638092
 0.3, 0.801, -0.0742281
 0.3, 0.901, -0.106504
 0.3, 1.001, -0.1380076
 0.3, 1.101, -0.1373898
 0.3, 1.201, -0.1416125
 0.3, 1.301, -0.1317923
 0.3, 1.401, -0.1593404
 0.3, 1.501, -0.1665802
 0.3, 1.601, -0.1735852
 0.3, 1.701, -0.2607064
 0.3, 1.801, -0.2370926
 0.3, 1.901, -0.2308894
 0.4, 0.001, -0.0421371
 0.4, 0.101, -0.0687103
 0.4, 0.201, -0.058005
 0.4, 0.301, -0.0876932
 0.4, 0.401, -0.0590026
 0.4, 0.501, -0.0757535
 0.4, 0.601, -0.0769442
 0.4, 0.701, -0.0859047
 0.4, 0.801, -0.0969348
 0.4, 0.901, -0.0746901
 0.4, 1.001, -0.2165692
 0.4, 1.101, -0.1562272
 0.4, 1.201, -0.1997154
 0.4, 1.301, -0.1716354
 0.4, 1.401, -0.1812275
 0.4, 1.501, -0.1792368
 0.4, 1.601, -0.2001267
 0.4, 1.701, -0.2016072
 0.4, 1.801, -0.180019
 0.4, 1.901, -0.1965467
 0.5, 0.001, -0.0409992
 0.5, 0.101, -0.0577621
 0.5, 0.201, -0.0703857
 0.5, 0.301, -0.0774152
 0.5, 0.401, -0.070772
 0.5, 0.501, -0.0820573
 0.5, 0.601, -0.0799585
 0.5, 0.701, -0.0952056
 0.5, 0.801, -0.1040353
 0.5, 0.901, -0.0928376
 0.5, 1.001, -0.1453678
 0.5, 1.101, -0.1527744
 0.5, 1.201, -0.1682745
 0.5, 1.301, -0.1821479
 0.5, 1.401, -0.1290461
 0.5, 1.501, -0.1480927
 0.5, 1.601, -0.1579797
 0.5, 1.701, -0.1803895
 0.5, 1.801, -0.1696807
 0.5, 1.901, -0.2386902
 0.6, 0.001, -0.0415378
 0.6, 0.101, -0.0591065
 0.6, 0.201, -0.0590409
 0.6, 0.301, -0.0947095
 0.6, 0.401, -0.0767504
 0.6, 0.501, -0.1040985
 0.6, 0.601, -0.0720493
 0.6, 0.701, -0.0910349
 0.6, 0.801, -0.1086733
 0.6, 0.901, -0.0865272
 0.6, 1.001, -0.1491392
 0.6, 1.101, -0.1415794
 0.6, 1.201, -0.121937
 0.6, 1.301, -0.1444197
 0.6, 1.401, -0.1335845
 0.6, 1.501, -0.120504
 0.6, 1.601, -0.1758541
 0.6, 1.701, -0.1566703
 0.6, 1.801, -0.2366757
 0.6, 1.901, -0.2151817
 0.7, 0.001, -0.0406824
 0.7, 0.101, -0.058039
 0.7, 0.201, -0.0663985
 0.7, 0.301, -0.0665752
 0.7, 0.401, -0.0746574
 0.7, 0.501, -0.0806119
 0.7, 0.601, -0.0840203
 0.7, 0.701, -0.0909858
 0.7, 0.801, -0.0881378
 0.7, 0.901, -0.0854021
 0.7, 1.001, -0.1372653
 0.7, 1.101, -0.1651578
 0.7, 1.201, -0.1158186
 0.7, 1.301, -0.1627723
 0.7, 1.401, -0.1870772
 0.7, 1.501, -0.1585802
 0.7, 1.601, -0.1744805
 0.7, 1.701, -0.1830434
 0.7, 1.801, -0.2347539
 0.7, 1.901, -0.2999609
 0.8, 0.001, -0.0408583
 0.8, 0.101, -0.0589225
 0.8, 0.201, -0.0604858
 0.8, 0.301, -0.0672544
 0.8, 0.401, -0.0835019
 0.8, 0.501, -0.0959918
 0.8, 0.601, -0.0886009
 0.8, 0.701, -0.0773892
 0.8, 0.801, -0.1024006
 0.8, 0.901, -0.0998489
 0.8, 1.001, -0.1539127
 0.8, 1.101, -0.0943933
 0.8, 1.201, -0.1434581
 0.8, 1.301, -0.2103901
 0.8, 1.401, -0.1334849
 0.8, 1.501, -0.1294785
 0.8, 1.601, -0.1410116
 0.8, 1.701, -0.2019382
 0.8, 1.801, -0.201111
 0.8, 1.901, -0.2376742
 0.9, 0.001, -0.0416287
 0.9, 0.101, -0.0588128
 0.9, 0.201, -0.0652891
 0.9, 0.301, -0.0815981
 0.9, 0.401, -0.0757262
 0.9, 0.501, -0.0882727
 0.9, 0.601, -0.0929422
 0.9, 0.701, -0.0939027
 0.9, 0.801, -0.0906126
 0.9, 0.901, -0.0898447
 0.9, 1.001, -0.1328981
 0.9, 1.101, -0.1208256
 0.9, 1.201, -0.1412138
 0.9, 1.301, -0.1444739
 0.9, 1.401, -0.1499283
 0.9, 1.501, -0.1829144
 0.9, 1.601, -0.1677511
 0.9, 1.701, -0.1755438
 0.9, 1.801, -0.1415212
 0.9, 1.901, -0.1983523
 1, 0.001, -0.0413029
 1, 0.101, -0.0543157
 1, 0.201, -0.0594769
 1, 0.301, -0.0741175
 1, 0.401, -0.0742799
 1, 0.501, -0.0920265
 1, 0.601, -0.1077304
 1, 0.701, -0.0840939
 1, 0.801, -0.0838192
 1, 0.901, -0.094015
 1, 1.001, -0.1152207
 1, 1.101, -0.0947578
 1, 1.201, -0.1705151
 1, 1.301, -0.1323305
 1, 1.401, -0.1348678
 1, 1.501, -0.1650873
 1, 1.601, -0.1801133
 1, 1.701, -0.1573955
 1, 1.801, -0.1766878
 1, 1.901, -0.2389371
